SELECT
    sa.store_address_id,
    sa.store_id,
    sa.store_address_details,
    sa.store_address_company_name,
    sa.store_address_creation_time,
    sa.store_address_tax_id,
    pba.bank_account,
    pba.updated_at       AS bank_account_update_time

FROM "delta"."partner_stores_odp"."store_addresses_v2"  sa
LEFT JOIN "sensitive_delta"."fintech_payouts_odp"."partner_bank_accounts" pba ON sa.store_address_id = pba.store_address_id
LEFT JOIN "delta"."partner_stores_odp"."stores_v2" s2 ON sa.store_id = s2.store_id
LEFT JOIN "delta"."central_geography_odp"."cities_v2" c ON s2.city_code = c.city_code
WHERE sa.p_end_date IS NULL
AND s2.p_end_date IS NULL
AND sa.store_address_id IN (144306,144308,150106,150109,150113,150122,150124,150126,152139,152144,152145,152146,152149,152150,152156,152158,152159,152163,152168,152176,154889,156080,156087,156092,156095,156106,156117,156121,156128,156140,156177,156180,156281,156285,156287,156288,156297,156315,156328,156440,156441,156444,156445,156446,156680,156689,156697,156711,157215,157217,158619,158623,158708,158729,158735,158736,158743,158747,158748,158750,158752,158753,158755,158757,158758,158759,158760,158761,158762,158763,158765,158813,161071,161077,161100,161105,161107,161109,161111,161113,161115,161117,161118,161120,161123,161126,161127,161133,161134,161136,161137,161142,161143,161542,161559,161583,161586,161594,161606,161609,161621,161631,161651,161657,161669,161681,161690,161693,161694,161702,161704,161711,161718,161732,161735,161737,161739,161741,161754,161764,161767,161775,161778,161793,161813,161822,161828,161831,161834,161838,161841,161844,161848,161850,161856,161885,161886,161888,161892,161895,161899,161905,161936,161939,161948,161963,161977,162001,162014,162033,162045,162271,162314,162342,162404,162406,162423,162429,163679,163750,163765,163820,163896,163967,163970,163977,163998,164005,164011,164467,164492,164534,164536,164542,164545,164553,164556,164573,164581,164587,164595,164603,164613,164619,164652,164658,164685,164706,164715,164718,164748,164756,164812,164826,164840,164900,164924,164957,164968,164981,164987,164992,165002,165009,165014,165019,165020,165025,165244,165247,165255,165259,165260,165261,165262,165263,165264,165265,165266,165271,165274,165278,165279,165296,165300,165316,165322,165326,165327,165330,165358,165367,165433,165516,165536,165557,165558,165577,165578,165579,165587,165602,165612,165617,165618,165620,165621,165622,170153,172934,173344,173348,173454,173463,173472,173474,173480,173481,173484,173485,173486,173492,173494,173497,173502,173504,173506,174760,175114,175566,176164,176177,176184,176187,176191,176209,176215,176221,176232,176234,176260,176262,178058,178062,178073,178234,178264,178285,178290,178305,178307,178310,178312,178313,178319,178322,178325,178330,178335,178338,178344,178350,178870,179366,179368,180064,180067,180072,180076,180080,181029,181032,181038,181050,181275,182552,182556,182560,182897,183545,184745,184748,184793,185055,185084,185092,185096,185104,185185,185202,185401,185953,185963,185976,186037,186066,186554,186563,187196,187204,187227,187514,189767,190049,190067,190081,190083,190090,190121,190125,191802,191806,191815,195694,195704,195721,198054,199745,199832,202172,204687,204693,206928,215317,215516,215531,215549,215847,215862,216320,219074,219428,219710,220637,220725,223113,223149,223166,223171,223184,223263,223271,223580,229058,234738,234766,234771,234781,234785,234792,234793,238690,238692,238700,239377,239454,239500,239507,244863,248417,249117,249149,249422,249431,249439,253669,253684,256796,257008,267108,267113,267303,273557,273947,273962,274547,275255,277332,283866,283869,296766,298307,305258,306367,306381,313377,313457,314068,319503,321654,326608,327582,327776,329704,331199,336703,336706,336750,336752,338567,346959,362199,362222,362224,369797,369830,369841,369852,369862,371399,372698,372763,372806,372830,388465,394672,396946,404996,404998,405043,406664,406666,406928,407275,410360,424160,425283,429818,434076,436020,438617,438625,439055,440618,440654,440668,440696,445521,445911,447340,447914,448636,448721,456069,464163,466395,474381,480541,493889,494022,499709,504249,520493,535146,537336,537577,537716,537718,537723,537960,547062,549001,549457,556455,556456,556462,562565,566363,566393,566396,566400,566410,566489,581831,585013,585015,587975,589841,589859,589864,590568,590578,594371,595269,596203,596512,598892,601466,601948,601978,605314,605455,607145,607149,607510,609097,610880,611269,611324,611987,611989,614293,614941,615961,616007,616011,616018,620339,624752,625026,628861,628879,628931,628938,628965,633176,633187,634804,641176,641257,642262,643117,643174,643176,643183,647959,655849,656333,657935,699405,699425,700187,711305,711368,711398,712912,716864,718011,718024,719360,719549,719696,720219,726323,729587,736207,738605,755932,761207,761199,760924,761211,761215,762234,763516,734278,754974,762221,755094,693736,739175,754962,768440,694006,711381,774897,777136,780484,782752,782766,783635,796509,804936,809156,812594,352525,164439,165306,259748,164416,189785,164847,164428,165359,165317,178594,185172,165362,190093,234779,165269,165288,164792,164810,165337,165386,164228,165312,178528,165291,165331,165313,164223,185389,165564,198059,363289,164232,165314,165447,178252,329054,165309,178093,260844,178547,165328,165364,165286,165583,178533,198065,181010,249502,165454,198076,165280,327687,165282,165360,165574,165302,165287,165406,165425,182880,165555,337692,303161,302227,191828,419325,426652,440735,447738,447928,454340,755691)    
AND c.country_code = 'ES'
;
